36
#FRONT
-3.0   1.5  4.0  
-3.0  -1.5  4.0 
 3.0   1.5  4.0  

 3.0 -1.5  4.0 	
 3.0  1.5  4.0 
-3.0 -1.5  4.0  

#BACK

-3.0  1.5  0.0 	
-3.0 -1.5  0.0
 3.0  1.5  0.0

3.0  -1.5  0.0 	
3.0   1.5  0.0  
-3.0 -1.5  0.0  

#LEFT

-3.0   1.5   4.0 
-3.0  -1.5  4.0  
-3.0   1.5  0.0  

-3.0 -1.5  0.0 
-3.0  1.5  0.0  
-3.0 -1.5  4.0  
#RIGHT

 3.0   1.5   4.0 
 3.0  -1.5  4.0  
 3.0   1.5  0.0  

 3.0 -1.5  0.0 	
 3.0  1.5  0.0  
 3.0 -1.5  4.0  

#TOP
-3.0  1.5  4.0 	
 3.0  1.5  4.0  
-3.0  1.5  0.0  

 3.0  1.5  0.0 	
-3.0  1.5  0.0  
 3.0  1.5  4.0  
#BOTTOM

-3.0  -1.5  4.0 	
 3.0  -1.5  4.0  
-3.0  -1.5  0.0  

 3.0  -1.5  0.0  
-3.0  -1.5  0.0  
 3.0  -1.5  4.0  

